Case #1:
10000000000000000000000000000011  83 7 1423 11 23 23 569 173 7
10000000000000000000000000000101  7 13 7 31 43 19 73 7 19
10000000000000000000000000000111  5 5 5 13 7 5 5 5 11
10000000000000000000000000001101  2539 181 5 83 7 733 1531 5 11
10000000000000000000000000001111  13 149 197123 7 5 11 859 479 1021
10000000000000000000000000010001  5 67 19 43 4423 5 6197 127 17
10000000000000000000000000010101  29 479 397 307 193 13 11 467 13513
10000000000000000000000000011001  17 7 5 7 7 23 17 5 7
10000000000000000000000000011101  31 5 11 11 5 419 5 11 41
10000000000000000000000000100001  7 13 7 31 41 17 73 7 37
10000000000000000000000000100011  19 97 89 7 17 149 1180877 701 36473
10000000000000000000000000100101  5 5 5 13 7 5 5 5 11
10000000000000000000000000101011  41 163 19 103 5 151 11 149 1723
10000000000000000000000000101111  5 5 7 13 11 5 5 7 23
10000000000000000000000000110111  18253 3821 5 443 7 11 742723 5 11
10000000000000000000000000111001  5 317 47 23 5 5 83 523 23
10000000000000000000000000111011  17 41 11 313 1297 13 17 17 73
10000000000000000000000000111101  7 7 5 7 7 19 19 5 7
10000000000000000000000001000011  5 5 5 13 7 5 5 5 11
10000000000000000000000001000111  709 17 13 293 5 263 2663 137 67
10000000000000000000000001001001  19 31081 5 1487 7 94793 293 5 11
10000000000000000000000001001011  7 7 11 223 5 103 113 7 7
10000000000000000000000001010111  5 5 17 13 37 5 5 19 7
10000000000000000000000001011011  31 19 5 17 7 509 61 5 11
10000000000000000000000001011101  13 41 257 313 71 11 17 17 73
10000000000000000000000001100001  5 5 5 13 7 5 5 5 11
10000000000000000000000001100011  1933 11 1483423 127 5 1013 41 23 13
10000000000000000000000001100111  7 13 5 31 7 19 73 5 11
10000000000000000000000001101011  5 5 17 7 23 5 5 41 101
10000000000000000000000001101101  23 11 5 43 7 1103 53 5 11
10000000000000000000000001101111  19 7 67 41 733 13 7 71 7
10000000000000000000000001110011  397 11909 5 5413 7 137 59 5 11
10000000000000000000000001110101  5 5 7 13 37 5 5 7 37
10000000000000000000000001110111  11 1093 11 7 53 29 7 547 239
10000000000000000000000001111111  5 5 5 11 7 5 5 5 11
10000000000000000000000010000101  79 11 5 41 7 223 409 5 11
10000000000000000000000010001001  5 359 2179 89 11 5 167 23 23
10000000000000000000000010001111  359 37 159023 23 13 7247 61 71 13
10000000000000000000000010010011  5 7 887 53 5 5 239 71 7
10000000000000000000000010010101  19 5 223 19 5 11 5 17 7417
10000000000000000000000010011001  31 11 7 11 5 37 31 11 41
10000000000000000000000010100111  5 5 13 13 37 5 5 41 101
10000000000000000000000010101101  7 13 7 31 43 13 73 7 37
10000000000000000000000010110001  5 23 607 269 5 5 41 43 19
10000000000000000000000010110011  11197 16427 4391 7 307 31 11 487 199
10000000000000000000000010110111  2207 7 7 83 67 241 7 11 7
10000000000000000000000010111001  11 31 28541 17 28723 107 23 16763 109
10000000000000000000000011001011  73 757 13 19 11 37 1789 19 17
10000000000000000000000011010011  9743 603227 5 23 7 101 31 5 11
10000000000000000000000011011111  13 17 5 29 7 283 23 5 11
10000000000000000000000011100001  19 1433 149 17 5 7883 947 17 13
10000000000000000000000011100011  5 5 17 13 37 5 5 11 71
10000000000000000000000011100101  7 13 5 31 7 11 11 5 11
10000000000000000000000011101011  109 17 269 569 17 14813 7 5077 443
10000000000000000000000011101101  5 7 5861 11 5483 5 7 23 7
10000000000000000000000011110011  7 139 11 151 132667 13 7 7 13
10000000000000000000000011110111  5 5 5 13 7 5 5 5 11
10000000000000000000000100000001  5 13 7 31 11 5 17 7 23
10000000000000000000000100000011  3389 4799 5 36721 7 4349 11 5 11
10000000000000000000000100001001  2357 43 5 625489 7 47 47 5 11
10000000000000000000000100001111  7 13 5 11 7 19 23 5 11
10000000000000000000000100010011  13 47 163 131 5 13 37 647 47
10000000000000000000000100010101  5 11 11 11 5 5 31 11 41
10000000000000000000000100011101  7 13 7 17 43 19 11 7 37
10000000000000000000000100100111  11 11 5 17 7 643 1217 5 11
10000000000000000000000100101001  5 239 2711 131 5 5 199 113 359
10000000000000000000000100101011  7 13 7 31 43 19 73 7 37
10000000000000000000000100110101  439 109 19 83 11 607 491 227 167
10000000000000000000000100111001  7 5 5 7 7 19 5 5 7
10000000000000000000000100111101  5 105499 29 47 41 5 7 101 17
10000000000000000000000101000111  5 5 7 13 13 5 5 7 19
10000000000000000000000101010101  7 13 7 31 17 19 71 7 37
10000000000000000000000101100011  7 13 5 31 7 19 47 5 11
10000000000000000000000101100101  5 5 17 13 37 5 5 41 7
10000000000000000000000101101001  11 31 5 521 7 11 11 5 11
10000000000000000000000101101111  5 5 5 13 7 5 5 5 11
10000000000000000000000101110001  7 13 7 31 43 19 29 7 37
10000000000000000000000101110101  127 19 43 139 89 13 7 167 239
10000000000000000000000101111011  13 227 5 199 7 47 31 5 11
10000000000000000000000101111111  7 13 7 31 43 19 43 7 37
10000000000000000000000110000001  23 17 5 17 7 17 97 5 11
10000000000000000000000110000011  5 41131 172849 353 5 5 7873 227 193
10000000000000000000000110001101  5 13 5 31 7 5 73 5 11
10000000000000000000000110010001  31 11 11 11 5 2801 13 11 41
10000000000000000000000110010011  53 5 5 757 7 11 5 5 11
10000000000000000000000110010111  5 41 7 89 19 5 7 53003 13
10000000000000000000000110011111  19 89 5 1669 7 97 51721 5 11
10000000000000000000000110100001  5 7 19 1783 5 5 4517 29 7
10000000000000000000000110100101  2549 4567 5 11909 7 277 4259 5 11
10000000000000000000000110101001  7 13 7 31 43 19 73 7 37
10000000000000000000000110110001  17 5 5 23 7 151 5 5 11
10000000000000000000000110111101  181 37 5 37 7 29 29 5 11
10000000000000000000000111000001  11 5 13 43 5 29 5 23 19
10000000000000000000000111000011  151 23 5 7 7 499 53093 5 11
10000000000000000000000111000101  7 13 7 31 43 19 73 7 37
10000000000000000000000111000111  977 11 29 421 11 131 7 337 17
10000000000000000000000111001001  5 19 5 11 7 5 43 5 11
10000000000000000000000111001111  31 7 5 47 7 17 277 5 7
10000000000000000000000111010011  5 19 13 61 41 5 7 7 2069
10000000000000000000000111011111  1051 5 11 17 1237 11 5 83 13
10000000000000000000000111100001  7 11 5 31 7 13 73 5 11
10000000000000000000000111100101  29 53 13 11 17 21787 7 1823 19423
10000000000000000000000111100111  5 5 5 7 7 5 5 5 11
10000000000000000000000111101011  19 281 13 30839 13163 293 23 29 41
10000000000000000000000111101101  11 23 5 53 7 11 11 5 11
10000000000000000000000111101111  7 13 7 19 19 19 17 7 37
10000000000000000000000111110101  17 7 29 41 1979 71 113 23059 7
10000000000000000000000111111101  7 5 7 31 43 19 5 7 37
10000000000000000000001000000101  5 5 5 13 7 5 5 5 11
10000000000000000000001000001101  31 11 11 11 5 17 31 11 41
10000000000000000000001000001111  5 5 17 13 37 5 5 41 7
10000000000000000000001000010001  19 7 5 7 7 43 19 5 7
10000000000000000000001000100011  5 31 1097 113731 5 5 89 53 31
10000000000000000000001000100111  7 13 7 31 43 19 73 7 17
10000000000000000000001000101001  67 7 13 7 5 23 19 37 7
10000000000000000000001000101101  5 5 17 13 37 5 5 41 101
10000000000000000000001000110101  7 7 5 7 7 19 19 5 7
10000000000000000000001000111001  17 41 257 313 557 17 17 17 73
10000000000000000000001001000001  5 5 5 13 7 5 5 5 11
10000000000000000000001001000011  7 7 227 809 5 89 43 7 7
10000000000000000000001001001011  5 5 17 13 13 5 5 41 101
10000000000000000000001001010001  7 509 290137 2467 5 47 179 7 631
10000000000000000000001001010011  191 47207 5 29 7 919 264137 5 11
10000000000000000000001001010101  5 5 17 13 19 5 5 11 101
10000000000000000000001001011001  29 7 5 7 7 43 19 5 7
10000000000000000000001001011011  11 13 31 1546837 293 37 7 43 53
10000000000000000000001001011101  19 17 7 29 11 8353 7 6569 31
10000000000000000000001001011111  5 5 5 13 7 5 5 5 11
10000000000000000000001001100101  13 6197 5 821 7 17 5197 5 11
10000000000000000000001001100111  23 5 11 97 11 1342181 5 37 7
10000000000000000000001001101001  5 5 11 13 37 5 5 41 31
10000000000000000000001001101011  8933 161753 7 4019 8707 107 7 239 29
10000000000000000000001001110001  11 29 5 79 7 11 11 5 11
10000000000000000000001001110011  5 1093 43 19 467 5 7 547 239
10000000000000000000001001111011  7 31 1609 37 2131 293 733 7 157
10000000000000000000001001111101  5 5 5 7 7 5 5 5 7
10000000000000000000001010000011  19 19 7 4889 5 11551 1663 530713 19
10000000000000000000001010000101  89 41 463 7 5 31 29 37 1033
10000000000000000000001010000111  5 5 11 13 19 5 5 41 13
10000000000000000000001010001001  7 5 11 11 5 13 5 7 41
10000000000000000000001010010101  23 1913 5 17 7 167 17 5 11
10000000000000000000001010011101  11 5 1019 173 22501 23 5 163 23
10000000000000000000001010011111  17 7 7 131 3389 13 1283 1427 7
10000000000000000000001010100101  5 5 7 11 37 5 5 7 37
10000000000000000000001010100111  277 41 149 61 59 11 7 11 23
10000000000000000000001010101111  5 5 17 7 37 5 5 31 101
10000000000000000000001010110011  7 5 269 11 72047 23 5 7 181
10000000000000000000001010110101  307 997 11 383 43049 17377 7 17 829
10000000000000000000001010111001  5 7 13 7 13 5 7 73 7
10000000000000000000001010111011  41 317 7 17 3359 11 3769 37 1628779
10000000000000000000001011000011  5 5 13 13 37 5 5 41 101
10000000000000000000001011000111  31 263 2269 199 137 349 7 29 71
10000000000000000000001011010001  53 691 5 2351 7 31 23 5 11
10000000000000000000001011010011  43 7 107 1097 103 4561 7 13 7
10000000000000000000001011010111  5 5 5 13 7 5 5 5 11
10000000000000000000001011011101  7 131 5 19 7 563 37 5 11
10000000000000000000001011100001  5 5 17 7 37 5 5 37 101
10000000000000000000001011101011  5 5 17 11 37 5 5 7 7
10000000000000000000001011110011  37 17 7 7 59333 653 311 17 5273
10000000000000000000001011110101  5 5 5 13 7 5 5 5 11
10000000000000000000001011111011  1667 11 907 59 2521 13 15161 83 17
10000000000000000000001011111111  5 5 17 13 5 5 5 41 101
10000000000000000000001100000101  17 7 11 11 5 23 31 11 7
10000000000000000000001100000111  7 13 5 23 7 19 73 5 11
10000000000000000000001100010011  5 823 5 11 7 5 11 5 11
10000000000000000000001100010101  7 13 7 31 43 11 43 7 23
10000000000000000000001100011001  131 5 5 2341 7 1331851 5 5 11
10000000000000000000001100011011  13 73 11 53 13 13 7 6481 313
10000000000000000000001100011101  5 224669 331 7 131927 5 7 103 709
10000000000000000000001100100001  11 5 37 14543 5 31 5 126037 151
10000000000000000000001100100011  7 13 7 31 43 19 73 7 37
10000000000000000000001100100101  137 17 5 19 7 13 47 5 11
10000000000000000000001100101011  13003 5 2027 189479 109 11 5 19 1769777
10000000000000000000001100110001  5 7 5 7 7 5 19 5 7
10000000000000000000001100110111  11 13463 5 577 7 139 71 5 11
10000000000000000000001100111111  7 5 7 31 43 19 5 7 17
10000000000000000000001101000001  19 229 347 17627 5 311 7057 17 283
10000000000000000000001101000101  5 5 17 7 37 5 5 41 101
10000000000000000000001101001111  5 5 5 13 7 5 5 5 11
10000000000000000000001101010001  30757 12457 139 11 107 13 41 89 661
10000000000000000000001101010111  38903 179 11 7 17 11 389 59 157
10000000000000000000001101011111  41 7 21317 29 59 528223 17 37 7
10000000000000000000001101100011  5 7 103 151 503 5 7 17 7
10000000000000000000001101100111  19 43 5 11 7 857 59 5 11
10000000000000000000001101101001  7 11 33827 149 89 67 7 7 273629
10000000000000000000001101101011  17 1303 1789 281 297617 23 31 79 177917
10000000000000000000001101101101  5 5 5 13 7 5 5 5 11
10000000000000000000001101110001  127 5 43 19531 13 29 5 11 239
10000000000000000000001101110011  71 137443 5 181 7 257 149 5 11
10000000000000000000001101110111  5 11 7 31 23 5 11 7 37
10000000000000000000001101111001  11 7 5 7 7 11 11 5 7
10000000000000000000001101111111  43 157 5 986981 5 37 859 5 11
10000000000000000000001110000001  5 11 11 7 5 5 31 11 41
10000000000000000000001110000011  13 17 47 17 17 17 97 19 13
10000000000000000000001110000101  7 13 5 31 7 19 73 5 11
10000000000000000000001110010111  47 23 5 41 7 31 11 5 11
10000000000000000000001110100001  7 13 7 31 43 19 11 7 37
10000000000000000000001110101111  7 13 7 31 43 11 73 7 37
10000000000000000000001110110111  13 5 51829 7 601 233 5 4051 107
10000000000000000000001110111101  5 13 7 23 13 5 73 7 37
10000000000000000000001110111111  31 7 11 11 5 2801 31 11 7
10000000000000000000001111000111  5 5 5 13 7 5 5 5 7
10000000000000000000001111001011  7 11 1062343 1319 1019 11 2729 7 13
10000000000000000000001111001101  2963 5867 5 43 7 13487 43 5 11
10000000000000000000001111001111  31379 17 11 981493 41 83 19 3049 23
10000000000000000000001111100101  5 5 5 13 7 5 5 5 11
10000000000000000000001111100111  7 13 7 31 17 19 73 7 37
10000000000000000000001111101111  5 5 17 13 5 5 5 29 13
10000000000000000000001111110101  7 13 7 31 43 19 73 7 37
10000000000000000000001111111101  11 11 5 11 5 11 11 5 11
10000000000000000000010000000011  5 5 5 13 7 5 5 5 11
10000000000000000000010000001001  15427 7 5 7 7 11 19 5 7
10000000000000000000010000001111  53 11 5 853 7 241 11 5 11
10000000000000000000010000010101  17 7 13 7 5 43 19 73 7
10000000000000000000010000010111  5 5 17 13 19 5 5 41 47
10000000000000000000010000011011  37 7 5 7 7 43 19 5 7
10000000000000000000010000011101  149 61 461 19 13 29 3701 491 67
10000000000000000000010000100001  5 5 5 13 7 5 5 5 11
10000000000000000000010000101001  11 11 19 1579 5 41 211 11551 19
10000000000000000000010000101011  5 5 17 13 37 5 5 41 101
10000000000000000000010000101101  7 7 5 7 7 19 19 5 7
10000000000000000000010000110011  23 67 5 11 7 857069 9767 5 11
10000000000000000000010000110101  5 5 17 13 37 5 5 41 61
10000000000000000000010000110111  17 11 7 79 13 79 7 317 23
10000000000000000000010000111111  5 5 5 7 7 5 5 5 7
10000000000000000000010001000011  163 11 7 7 5 37 77569 269 17
10000000000000000000010001001101  571 11 41 29 9397 53 379 461 3181
10000000000000000000010001010001  2447 71 7 263 5 257 443 4943 257
10000000000000000000010001010011  5 5 17 13 13 5 5 41 101
10000000000000000000010001010101  11 109 4861 461 1861 733 23 19 23
10000000000000000000010001011001  17 29 11 313 29 1201 17 17 73
10000000000000000000010001011101  5 7 13 7 31 5 7 73 7
10000000000000000000010001100011  29 859 5 53 7 61 211 5 11
10000000000000000000010001100101  7 13 7 31 43 19 73 7 37
10000000000000000000010001101001  13619 17189 5 4937 7 13 79 5 11
10000000000000000000010001110001  5 5 17 7 37 5 5 29 17
10000000000000000000010001110011  7 7 47 17 139 11 7 7 7
10000000000000000000010001111011  5 5 5 13 7 5 5 5 11
10000000000000000000010010000001  7 269 5 29 7 71 43 5 11
10000000000000000000010010000111  13 157 5 157 7 213209 53773 5 11
10000000000000000000010010001101  83 5 5 509 7 11 5 5 11
10000000000000000000010010011001  5 7 5 7 7 5 11 5 7
10000000000000000000010010011011  89 5 227 17 677 17 5 317 61
10000000000000000000010010100001  13 378593 43609 11 5 10007 11 659 383
10000000000000000000010010100011  5 5 17 7 37 5 5 41 41
10000000000000000000010010100101  809 19 5 362213 7 491 1297 5 11
10000000000000000000010010101101  5 167 3257 563 13 5 7 71 1399
10000000000000000000010010110111  5 5 5 13 7 5 5 5 11
10000000000000000000010010111101  19 7 5 7 7 13 19 5 7
10000000000000000000010011000001  5 31 7 7 5 5 345811 71 103
10000000000000000000010011001001  73 5 5 19 7 37 5 5 11
10000000000000000000010011010101  5 37 313 269 11 5 7 7 665501
10000000000000000000010011101101  587 31 5 59 7 631 307 5 11
10000000000000000000010011101111  11 5 127 3313 17 239 5 1665479 7
10000000000000000000010011110001  7 7 19 46589 23 587371 7 7 7
10000000000000000000010011110011  5 5 5 13 7 5 5 5 11
10000000000000000000010011111111  7 113 5 337 5 751 1399 5 11
10000000000000000000010100000111  5 5 17 7 37 5 5 41 101
10000000000000000000010100001011  619 977 5 4877 7 13 443 5 11
10000000000000000000010100001101  7 13 7 31 11 19 73 7 19
10000000000000000000010100001111  47 7 11 211 13 3037 7 149 7
10000000000000000000010100010001  5 7 13 7 5 5 19 73 7
10000000000000000000010100010111  1471 313 7 1505381 41 11 7 1493 590929
10000000000000000000010100011001  23 37 2473 5119 17 179 43 11 856711
10000000000000000000010100100011  13 53 5 1483 7 71 11 5 11
10000000000000000000010100100101  5 5 17 13 37 5 5 41 31
10000000000000000000010100101001  7 7 5 7 7 19 19 5 7
10000000000000000000010100101111  5 5 5 13 7 5 5 5 11
10000000000000000000010101000011  5 5 17 13 37 5 5 23 7
10000000000000000000010101000101  7 11 7 31 43 19 73 7 37
10000000000000000000010101001111  103 17 19 7 11 655157 1039 53 41
10000000000000000000010101010101  19 17 5 19 1033 59 7 5 9043
10000000000000000000010101010111  5 5 17 11 13 5 5 41 101
10000000000000000000010101011001  179 5 13 7 11 43 5 19 7
10000000000000000000010101100001  5 5 7 13 37 5 5 7 37
10000000000000000000010101100011  239 29 53 7 11 17 7 11 163
10000000000000000000010101100111  353 7 5849 215953 41 11 61 17 7
10000000000000000000010101101011  5 5 5 13 7 5 5 5 11
10000000000000000000010101101111  7 13 7 17 43 19 73 7 17
10000000000000000000010101110101  5 5 17 13 37 5 5 11 79
10000000000000000000010101111101  7 7 7 7 17 19 19 7 7
10000000000000000000010101111111  5 5 17 13 5 5 5 41 101
10000000000000000000010110000011  43 11 5 29 7 79 43 5 11
10000000000000000000010110000101  29 17 163 7 17 17 67 11 17
10000000000000000000010110001001  5 31 5 353 7 5 37 5 11
10000000000000000000010110001011  7 5 11 7 11 11 5 7 29
10000000000000000000010110001101  37 7 8741 29 149 13907 7 293 7
10000000000000000000010110011011  599 13 5 19 7 35977 433 5 11
10000000000000000000010110100011  23 7 7 19 4099 73 7 263 7
10000000000000000000010110100111  5 5 5 13 7 5 5 5 11
10000000000000000000010110101101  17 59 5 11 7 953 23 5 11
10000000000000000000010110111001  1259 7 5 7 7 43 19 5 7
10000000000000000000010110111101  317 5 113 73 71 11 5 223 1831
10000000000000000000010110111111  13 37 5 43 5 439 29473 5 11
10000000000000000000010111010011  67 7 23 11 19 127 83 97 7
10000000000000000000010111011011  28499 5 41 2237 1091 421 5 11 2309
10000000000000000000010111100011  5 5 5 13 7 5 5 5 11
10000000000000000000010111100111  617 587 13 907657 11 101 977 719 29
10000000000000000000010111101101  5 13 7 19 19 5 73 7 37
10000000000000000000010111101111  41 17299 5 79 5 13 53 5 11
10000000000000000000010111110111  5 5 7 13 5 5 5 41 7
10000000000000000000010111111011  7 229 5 1187 5 53 79 5 11
10000000000000000000010111111111  23 11 23 241 23 11 23 23 21649
10000000000000000000011000000001  5 5 5 7 7 5 5 5 7
10000000000000000000011000000011  1789 53 7 17 5 13 3701 17 3833
10000000000000000000011000001001  7 19 229 251 5 409 29 7 83
10000000000000000000011000001011  5 5 11 13 37 5 5 41 101
10000000000000000000011000001101  11 917759 5 233 7 2011 23 5 11
10000000000000000000011000010011  17 7 5 7 7 31 19 5 7
10000000000000000000011000010101  5 5 17 13 11 5 5 41 101
10000000000000000000011000011111  5 5 5 13 7 5 5 5 11
10000000000000000000011000100011  11 47 331 11 49019 1160221 23 937 1951
10000000000000000000011000100101  7 7 5 7 7 19 19 5 7
10000000000000000000011000101001  5 5 17 13 37 5 5 41 101
10000000000000000000011000101011  31 7 13 7 11 29 7 73 7
10000000000000000000011000110001  2719 461 5 37 7 13 1171 5 11
10000000000000000000011000110111  7841 7 5 7 7 43 19 5 7
10000000000000000000011000111011  563 11 7 56311 197 103 293 103 23
10000000000000000000011000111101  5 5 5 11 7 5 5 5 11
10000000000000000000011001001001  4751 7 5 7 7 23 19 5 7
10000000000000000000011001001111  7 19 5 11 7 29 114847 5 11
10000000000000000000011001010001  5 5 17 13 37 5 5 41 47
10000000000000000000011001010101  607 7 13 7 31 43 7 73 7
10000000000000000000011001011001  67 13 397 266921 24841 17 7 11 23
10000000000000000000011001011011  5 5 5 7 7 5 5 5 7
10000000000000000000011001100101  5 11 853 41 29 5 7 23 359
10000000000000000000011001101001  31 43 7 17 13 11 7 1667 17
10000000000000000000011001101101  29 7 5 7 7 41 19 5 7
10000000000000000000011001110011  2143 313 5 23 7 83231 41 5 11
10000000000000000000011001111001  5 5 5 13 7 5 5 5 11
10000000000000000000011001111111  73 7 5 7 5 43 19 5 7
10000000000000000000011010000001  1619 41 7 742073 5 773 859 6823 409
10000000000000000000011010000011  5 5 17 13 23 5 5 41 31
10000000000000000000011010000101  19 547 5 11 7 113 43 5 11
10000000000000000000011010000111  7 3137 41 7 719 4679 7 7 499
10000000000000000000011010010001  11 7 5 7 7 17 17 5 7
10000000000000000000011010010011  41 431 79 11 11 11 7 5821 233
10000000000000000000011010010111  5 5 5 13 7 5 5 5 11
10000000000000000000011010100001  5 5 17 13 13 5 5 41 101
10000000000000000000011010101001  13 7 13 7 31 43 7 73 7
10000000000000000000011010101011  5 5 7 13 37 5 5 11 101
10000000000000000000011010110101  5 5 5 7 7 5 5 5 7
10000000000000000000011010111011  2551 7 13 7 31 43 19 71 7
10000000000000000000011010111111  5 5 17 13 5 5 5 7 101
10000000000000000000011011001111  163 5 739 7 1693 3511 5 17 1069
10000000000000000000011011010011  5 5 5 13 7 5 5 5 11
10000000000000000000011011010101  859 2269 7 37 1327 3923 17 1600343 503
10000000000000000000011011011001  10111 7 5 7 7 43 19 5 7
10000000000000000000011011100101  23 9901 5 107 7 53 1081417 5 11
10000000000000000000011011100111  5 7 797 11 523 5 1867 157 7
10000000000000000000011011101011  61 107 37 23 13 719 421 11393 59
10000000000000000000011011110001  5 5 5 13 7 5 5 5 11
10000000000000000000011011111011  5 5 17 13 5 5 5 13 101
10000000000000000000011011111101  3371 7 5 7 5 43 19 5 7
10000000000000000000011100000101  5 5 7 13 37 5 5 7 37
10000000000000000000011100001101  367 389 157 7 353 11 7 359 61
10000000000000000000011100001111  5 5 5 13 7 5 5 5 11
10000000000000000000011100010001  13 109 59 1297 257 1159877 11939 1873 43
10000000000000000000011100011001  5 17 277 11 2777 5 7 877199 19
10000000000000000000011100011101  19 7 2741 64063 11 30559 43 109 7
10000000000000000000011100100001  7 7 5 7 7 19 19 5 7
10000000000000000000011100101011  11 217309 29 9049 3593 19289 281 23 17
10000000000000000000011100101101  5 5 5 13 7 5 5 5 11
10000000000000000000011100101111  7 13 7 11 43 19 11 7 37
10000000000000000000011100110011  8731 7 5 7 7 43 11 5 7
10000000000000000000011100111101  7 11 7 31 43 19 73 7 23
10000000000000000000011100111111  173 17 5 19 5 71 94327 5 11
10000000000000000000011101000001  5 5 11 13 37 5 5 41 53
10000000000000000000011101000011  19 348269 15607 59 457 31 7 743 173
10000000000000000000011101000101  13 37 293 61 11 5801 7 43 461
10000000000000000000011101001001  37 11 7 53 2221 13 7 421 1907
10000000000000000000011101001011  5 5 5 13 7 5 5 5 11
10000000000000000000011101010001  647 7 13 7 31 11 7 11 7
10000000000000000000011101010101  5 5 17 13 37 5 5 41 101
10000000000000000000011101011111  5 5 17 13 5 5 5 41 59
10000000000000000000011101100011  89 17 5 43 7 13 953 5 11
10000000000000000000011101100111  7 5 7 31 29 19 5 7 37
10000000000000000000011101101001  5 5 5 7 7 5 5 5 7
10000000000000000000011101110101  7 7 7 7 31 19 19 7 7
10000000000000000000011101111101  5 5 17 13 5 5 5 41 19
10000000000000000000011110000001  307 19 5 41 7 53 109 5 11
10000000000000000000011110000111  5 5 5 13 7 5 5 5 11
10000000000000000000011110001111  19 23 13 6361 661951 23 211 7351 317
10000000000000000000011110010011  13 13 5 231709 7 83 53 5 11
10000000000000000000011110011001  11 23 5 191 7 3491 23 5 11
10000000000000000000011110011011  5 1300199 181 29 11 5 2003 17 1448873
10000000000000000000011110011111  7 11 5 11 5 1753 29 5 11
10000000000000000000011110100101  5 5 5 13 7 5 5 5 11
10000000000000000000011110101101  7 13 7 31 43 19 73 7 29
10000000000000000000011110101111  5 5 17 13 5 5 5 37 7
10000000000000000000011110110001  4973 7 5 7 7 29 19 5 7
10000000000000000000011110110011  97 5 23 10169 18341 17 5 3019 3457
10000000000000000000011110110101  19 29 29 19 11 83 29 11 17
10000000000000000000011110111001  5 11 68777 53 24443 5 11 769 1861
10000000000000000000011111000011  5 5 5 11 7 5 5 5 11
10000000000000000000011111000111  13 19 19 22229 2111 79 11 31 13
10000000000000000000011111010111  5 5 17 7 5 5 5 7 23
10000000000000000000011111011011  11 67 5 23 5 26669 2143 5 11
10000000000000000000011111011101  31 11 11 11 5 2543 31 11 17
10000000000000000000011111011111  61 7 7 137 83 31 83 17 7
10000000000000000000011111100001  5 5 5 13 7 5 5 5 11
10000000000000000000011111100101  7 13 7 31 43 19 71 7 37
10000000000000000000011111101011  5 5 17 13 5 5 5 41 101
10000000000000000000011111101111  17 11 1129 7 13 487 263 47 19
10000000000000000000011111110101  5 5 17 13 5 5 5 19 101
10000000000000000000011111111001  23 7 5 7 5 13 19 5 7
10000000000000000000011111111111  5 5 5 13 7 5 5 5 11
10000000000000000000100000000001  7 5 7 11 43 19 5 7 37
10000000000000000000100000000011  29 17 47 7 29 11 90917 271 19
10000000000000000000100000001111  7 13 7 31 23 19 73 7 37
10000000000000000000100000010001  17 11 5 313 7 769 17 5 11
10000000000000000000100000010101  13 5 673 773 5 251 5 1907 23
10000000000000000000100000011101  5 7 5 7 7 5 19 5 7
10000000000000000000100000100001  7963 7 277 41 2971 53 431 110237 7
10000000000000000000100000100111  5 5 17 7 37 5 5 11 101
10000000000000000000100000101011  7 13 7 23 17 19 73 7 37
10000000000000000000100000101101  41 11 691 67 11 113 2083 11279 17
10000000000000000000100000110001  5 31 199 7 5 5 199799 47 32443
10000000000000000000100000110011  11 7 257 17 1297 1201 17 17 7
10000000000000000000100000110111  131 19 11 29027 433607 47 7 149 17
10000000000000000000100000111001  7 13 7 31 19 19 73 7 37
10000000000000000000100001000001  509 1237 5 2953 7 1033 99023 5 11
10000000000000000000100001000011  223 89 71 41 5 113 83 1423 13
10000000000000000000100001000111  7 11 5 17 7 17 59 5 11
10000000000000000000100001001001  11 73 11 353 5 13 37 23 9901
10000000000000000000100001001101  19 5 5 163 7 719 5 5 11
10000000000000000000100001001111  5 7 73 127 47 5 7 11 7
10000000000000000000100001010001  6079 5 107 17 5 11 5 11 7
10000000000000000000100001010101  7 13 7 29 43 19 11 7 37
10000000000000000000100001011111  11 19 5 443 7 13 131 5 11
10000000000000000000100001100001  6563 11 13 1789 5 73 89 1061 1231
10000000000000000000100001100011  5 5 7 11 13 5 5 7 37
10000000000000000000100001100111  127 1093 43 23 71 23 7 547 13
10000000000000000000100001101001  313 7 79 71 13729 67 23 299099 7
10000000000000000000100001110001  7 13 5 19 7 19 53 5 11
10000000000000000000100001110111  5 5 5 13 7 5 5 5 11
10000000000000000000100001111111  7 13 7 31 43 19 73 7 23
10000000000000000000100010000001  5 522211 23 7 13 5 23 6547 199
10000000000000000000100010000011  23 5 577 17 5 443 5 154523 1181
10000000000000000000100010000111  103 1109 13 11 70997 11 181 29 365333
10000000000000000000100010001101  7 13 7 19 43 19 73 7 37
10000000000000000000100010011001  17 5 61 313 1297 1033 5 17 73
10000000000000000000100010011011  7 17 651251 13 71777 11 7 7 263
10000000000000000000100010101001  5 11 7 31 43 5 73 7 37
10000000000000000000100010111011  17 41 71 11 23 1201 17 17 23
10000000000000000000100011000101  7 5 5 11 7 19 5 5 11
10000000000000000000100011000111  5 31 10211 71 151 5 7 34843 21751
10000000000000000000100011001011  13 43 97 101 13 13 7 11 19
10000000000000000000100011001111  181 5 13 349 17 72673 5 4129 23
10000000000000000000100011011101  17 41 5 157 7 1201 17 5 11
10000000000000000000100011100001  7 13 7 31 43 19 73 7 19
10000000000000000000100011100101  5 718741 19 162823 1190923 5 7 607 13
10000000000000000000100011101111  5 13 7 31 43 5 11 7 37
10000000000000000000100011111001  5 7 19 11 115163 5 487 29 7
10000000000000000000100011111101  7 13 7 31 11 19 73 7 37
10000000000000000000100011111111  13 41 41 7 5 1201 17 17 73
10000000000000000000100100000001  59 157 5 239 7 602639 11 5 11
10000000000000000000100100000011  5 7 11 769 5 5 23 19 7
10000000000000000000100100000101  37 5 89 569 5 17 5 241 1289
10000000000000000000100100000111  53 277 5 172643 7 617 191 5 11
10000000000000000000100100001011  7 13 7 31 43 11 73 7 31
10000000000000000000100100001101  5 3821 5 11 7 5 17 5 11
10000000000000000000100100001111  11 5 11149 7 11 179 5 401 607
10000000000000000000100100010011  31 5 5 157 7 73 5 5 11
10000000000000000000100100010101  2297 443 157 149 271 367 1571 79 17
10000000000000000000100100011001  7 7 5 7 7 13 19 5 7
10000000000000000000100100011111  239 11 5 251 7 83 211 5 11
10000000000000000000100100100111  7 7 71 1453 236879 7759 7 7 7
10000000000000000000100100101011  5 19 379 79 211 5 7 17 97
10000000000000000000100100110001  19 5 5 283 7 17 5 5 11
10000000000000000000100100110011  13 17 241 601 13 11 7 3671 23
10000000000000000000100100111101  113 7 5 7 7 11 19 5 7
10000000000000000000100101000011  7 13 5 31 7 19 11 5 11
10000000000000000000100101001001  5 23 5 309853 7 5 25561 5 11
10000000000000000000100101001011  727 5 8123 83 17 89 5 307 7
10000000000000000000100101001101  13 73 241 17 13 13 7 17 2053
10000000000000000000100101010001  7 13 7 31 43 19 73 7 23
10000000000000000000100101011111  7 5 7 31 29 19 5 7 37
10000000000000000000100101100001  211 191 5 17 7 36131 41 5 11
10000000000000000000100101100101  17 353 7 7 1129 29 7 179 239
10000000000000000000100101100111  5 5 5 13 7 5 5 5 11
10000000000000000000100101101001  23 5 149 571 29 23 5 109453 211
10000000000000000000100101101101  7 379 5 82021 7 152941 40823 5 11
10000000000000000000100101101111  109 7 263 11 3607 4783 29 17 7
10000000000000000000100101111011  5 13 7 31 43 5 59 7 37
10000000000000000000100110000001  13 7 41227 13 5 283 17 31 7
10000000000000000000100110000101  5 97 5 23 7 5 11 5 11
10000000000000000000100110001001  7 5 7 11 17 17 5 7 17
10000000000000000000100110001101  71 37 29 7 211 47 7 11 28309
10000000000000000000100110001111  5 31 37 89 813203 5 433661 37 13
10000000000000000000100110010011  11 7 7 1709 19 506531 7 79 7
10000000000000000000100110010111  7 1352749 5 6203 7 37 631 5 11
10000000000000000000100110011011  13 11 19 601 13 13 37 6481 389
10000000000000000000100110100101  7 5 6199 11 137 13 5 7 7
10000000000000000000100110100111  2521 47963 7 167 11 3931 23 17 17
10000000000000000000100110110011  7 5 331 7 22073 41 5 7 53
10000000000000000000100110110101  13 17 5 19 7 605603 61 5 11
10000000000000000000100110110111  5 7 109 17 211 5 11 15187 7
10000000000000000000100111000001  5 13 5 31 7 5 73 5 11
10000000000000000000100111000101  23 11 13 19 11 881 7 47 19
