Case #1:
1000000000000001  11 7 5 7 7 11 11 5 7
1000000000000101  13 11 229 4751 173 61 53 109 47
1000000000000111  5 5 5 13 7 5 5 5 11
1000000000001001  73 5 11 19 19 37 5 19 30557
1000000000011001  17 11 5 313 7 547 17 5 11
1000000000011011  5 1567 15559 6197 5 5 1031 7 83
1000000000100101  5 5 5 7 7 5 5 5 7
1000000000101111  5 5 17 13 37 5 5 41 101
1000000000110101  23 17 11 23 5 299699 43 239 59
1000000000110111  7 7 5 7 7 19 19 5 7
1000000000111011  17 41 103 29 73 11 17 17 73
1000000001000011  5 5 5 13 7 5 5 5 11
1000000001001001  41 7 5 7 7 43 19 5 7
1000000001010101  47 7 13 7 5 17 19 53 7
1000000001010111  5 5 17 13 37 5 5 41 17
1000000001011001  11 5 281 101 5 67 5 13 19
1000000001011101  17 41 29 313 1297 269 11 17 73
1000000001011111  59 113 7 157 19 1399 7 43 107
1000000001100001  5 5 5 13 7 5 5 5 11
1000000001100011  23 19 11 105491 5 47 11117 1787 127
1000000001101011  5 5 17 13 37 5 5 41 101
1000000001101101  13 7 5 7 7 31 19 5 7
1000000001110101  5 5 17 13 37 5 5 37 29
1000000001111011  31 557 7 19 23 1129 7 5441 241
1000000001111101  7 19 43 17 55987 23 7 7 31
1000000001111111  5 5 5 7 7 5 5 5 7
1000000010000101  11 61 5 139 7 11 11 5 11
1000000010010001  23 7 5 7 7 43 19 5 7
1000000010011001  7 1667 179 13 5 11 23 7 311
1000000010011011  11 757 19 19 13 37 47 19 333667
1000000010100111  5 5 7 13 37 5 5 7 37
1000000010110011  47 19 31 239 11 13 204311 47 59
1000000010110101  7 7 5 7 7 19 19 5 7
1000000010111001  31 53 193 17 1373 139 11 3631 5503
1000000010111011  5 7 13 7 31 5 7 73 7
1000000011000111  11 61 5 29 7 11 11 5 11
1000000011001101  29 5 5 17 7 13 5 5 11
1000000011010001  7 5 19 347 5 1022633 5 7 29761
1000000011011001  5 7 5 7 7 5 19 5 7
1000000011100011  5 5 17 7 37 5 5 41 41
1000000011110111  5 5 5 13 7 5 5 5 11
1000000011111001  137 5 7 113 83 467 5 2129 17
1000000100000001  5 19 11 281 71 5 17 691399 1054201
1000000100000011  101 181 5 11 7 67 359 5 11
1000000100000111  17 7 107 36931 5 13 11 271333 7
1000000100001001  7 23 5 23 7 11 11 5 11
1000000100010111  7 13 7 31 11 19 73 7 37
1000000100011011  23 5 5 24373 7 1109 5 5 11
1000000100011111  5 823 337 7 61 5 7 563 857
1000000100100011  13 5 19 61 5 439 5 743 89
